bb <- list(1:10, 2:11)
